20 20 45
f 10 0 0 3 7
f 16 5 0 3 7
f 4 16 0 3 7
f 0 10 0 3 7
w 16 9 0 9 5
w 10 11 0 9 5
w 3 6 0 9 5
w 10 7 0 9 5
c 9 18 0 5 4 0
s 7 13 0 4 4
s 8 19 0 4 4
s 7 1 0 4 4
s 10 19 0 4 4
a 3 3 0 4 4
a 13 12 0 4 4
a 15 7 0 4 4
a 9 3 0 4 4
@ 19 3 0 11 4
@ 18 14 0 11 4
@ 6 1 0 11 4
@ 1 5 0 11 4
t 19 8 0 2 1
t 11 3 0 2 1
t 6 3 0 2 1
t 15 6 0 2 1
d 5 18 0 0 0
d 7 7 0 0 0
d 4 8 0 0 0
d 9 14 0 0 0
% 8 2 0 0 0
% 2 16 0 0 0
% 18 9 0 0 0
% 9 6 0 0 0
& 11 8 0 99 0
& 6 4 0 99 0
& 1 17 0 99 0
& 5 19 0 99 0
b 6 6 0 10 0
b 19 0 0 10 0
b 14 16 0 10 0
b 18 3 0 10 0
$ 9 2 0 0 0
$ 2 1 0 0 0
$ 6 2 0 0 0
$ 2 11 0 0 0
